time ./run_multiple_times.py "./pkmeans.R test2.dat 0.8"
0 0.4433333
1 0.5533333
2 0.6066667
3 0.6833333
4 0.7633333
5 0.9033333
6 0.9066667
[1] "siter" "1"    
[[1]]
[1]  0.312592954  0.160637325 -0.002762277

[[2]]
[1] 0.4967882 0.2540780 0.1175252

[[3]]
[1] 0.20679332 0.06508379 0.10207255

[1]  17 179 104
[1] "minsz" "17"    "15"   
iters 1 1.53755074310298 0.537550743102982 79 
iters 2 1.18809146135045 0.349459281752529 30 
iters 3 1.14456575520661 0.043525706143845 14 
iters 4 1.12915653614935 0.0154092190572537 8 
iters 5 1.11128713081042 0.0178694053389321 12 
iters 6 1.05968779248241 0.0515993383280149 17 
iters 7 0.956712174560564 0.102975617921842 22 
iters 8 0.841656950963948 0.115055223596617 20 
iters 9 0.772830759458362 0.0688261915055859 9 
iters 10 0.767395523783599 0.00543523567476312 1 
iters 11 0.767216745243961 0.000178778539638103 0 
iters 12 0.767216745243961 0 0 
[1] "cluster" "1"       ": size=" "94"     
[1] 0.0148985427 0.0027000993 0.0007856818
[1] "dimensionality" "1"             
        V1         V2         V3 
0.51129787 0.19154255 0.09847872 
              V1            V2            V3
V1  0.0027447623  0.0014282001 -0.0004863554
V2  0.0014282001  0.0147286312 -0.0001134087
V3 -0.0004863554 -0.0001134087  0.0009109304
            [,1]       [,2]        [,3]
[1,]  0.11717776 -0.9602652  0.25329853
[2,]  0.99303693  0.1164080 -0.01807867
[3,] -0.01212566  0.2536532  0.96721922
[1] "cluster" "2"       ": size=" "128"    
[1] 0.0183472532 0.0014744306 0.0007011387
[1] "dimensionality" "1"             
       V1        V2        V3 
0.3929766 0.1983984 0.1568984 
             V1           V2           V3
V1  0.005318773  0.002076298 -0.007456432
V2  0.002076298  0.002461958 -0.003373202
V3 -0.007456432 -0.003373202  0.012742091
           [,1]       [,2]       [,3]
[1,] -0.5107208  0.1387982 0.84846882
[2,] -0.2419412 -0.9702027 0.01308005
[3,]  0.8250023 -0.1985993 0.52908371
[1] "cluster" "3"       ": size=" "78"     
[1] 0.0086543220 0.0018727651 0.0001923687
[1] "dimensionality" "1"             
       V1        V2        V3 
0.2829487 0.1324231 0.1998718 
              V1            V2            V3
V1  2.180305e-03 -0.0014162219  8.814727e-05
V2 -1.416222e-03  0.0083425774 -1.087791e-04
V3  8.814727e-05 -0.0001087791  1.965733e-04
            [,1]       [,2]         [,3]
[1,] -0.21387011 0.97605418 -0.039721743
[2,]  0.97675012 0.21428443  0.006433723
[3,] -0.01479141 0.03742224  0.999190067
   
      1   2   3
  1  94   6   0
  2   0  22  78
  3   0 100   0
[1] 272 300
Purity 0.9066667 
[1] "iters" "13"   
[1] 0.8
maxpurity 0.9066667

real	0m56.966s
user	6m27.677s
sys	0m50.845s



./run_multiple_times.py "./em-new.R test2.dat"
[1] "siter" "1"    
[1] 100 147  53
[1] "minsz" "53"    "15"   
[[1]]
[1] 0.32884924 0.35374880 0.09448484

[[2]]
[1] 0.4715391 0.2728678 0.2585739

[[3]]
[1] 0.43166094 0.01200709 0.25255909

[1] "ITER"                 "1"                    "0.000292644101001431"
[1] "ITER"                 "2"                    "0.000136728213202409"
[1] "ITER"                 "3"                    "8.08822305956574e-05"
[1] "ITER"                 "4"                    "5.22952067743267e-05"
[1] "ITER"                 "5"                    "3.75189158583996e-05"
[1] "ITER"                 "6"                    "3.02524078798559e-05"
[1] "ITER"                 "7"                    "2.67986312492783e-05"
[1] "ITER"                 "8"                    "2.49998187905202e-05"
[1] "ITER"                "9"                   "2.3625232512215e-05"
[1] "ITER"                 "10"                   "2.20553323573989e-05"
[1] "ITER"                 "11"                   "2.01370306341881e-05"
[1] "ITER"                 "12"                   "1.80598431534185e-05"
[1] "ITER"                 "13"                   "1.61743481630645e-05"
[1] "ITER"                 "14"                   "1.47833154433084e-05"
[1] "ITER"                 "15"                   "1.39967755377786e-05"
[1] "ITER"                 "16"                   "1.37120021686237e-05"
[1] "ITER"                "17"                  "1.3700758674736e-05"
[1] "ITER"                 "18"                   "1.37336437941115e-05"
[1] "ITER"                 "19"                   "1.36749891798672e-05"
[1] "ITER"                 "20"                   "1.35192433829928e-05"
[1] "ITER"                 "21"                   "1.33768268664621e-05"
[1] "ITER"                 "22"                   "1.34363887469977e-05"
[1] "ITER"                 "23"                   "1.39313883122932e-05"
[1] "ITER"                 "24"                   "1.51300024353592e-05"
[1] "ITER"                 "25"                   "1.73565902525705e-05"
[1] "ITER"                 "26"                   "2.10442140105976e-05"
[1] "ITER"                 "27"                   "2.68061811561946e-05"
[1] "ITER"                 "28"                   "3.54750350570686e-05"
[1] "ITER"                 "29"                   "4.79145202209998e-05"
[1] "ITER"                 "30"                   "6.40212889666013e-05"
[1] "ITER"                 "31"                   "7.99456387085298e-05"
[1] "ITER"                 "32"                   "8.54128749695173e-05"
[1] "ITER"                 "33"                   "7.32794642564341e-05"
[1] "ITER"                 "34"                   "5.60293006293045e-05"
[1] "ITER"                 "35"                   "4.52328583936217e-05"
[1] "ITER"                 "36"                   "3.93109215822848e-05"
[1] "ITER"                 "37"                   "3.61107595854153e-05"
[1] "ITER"                 "38"                   "3.45039201283432e-05"
[1] "ITER"                 "39"                   "3.38388253170528e-05"
[1] "ITER"                 "40"                   "3.36851249509004e-05"
[1] "ITER"                 "41"                   "3.35987218603474e-05"
[1] "ITER"                 "42"                   "3.30217000733941e-05"
[1] "ITER"                 "43"                   "3.13059071169653e-05"
[1] "ITER"                 "44"                   "2.78853985653059e-05"
[1] "ITER"                 "45"                   "2.26467068133804e-05"
[1] "ITER"                 "46"                   "1.63184539199917e-05"
[1] "ITER"                 "47"                   "1.03114033159555e-05"
[1] "ITER"                 "48"                   "5.81259733994886e-06"
[1] "Cluster Parameters"
$mu
$mu[[1]]
       V1        V2        V3 
0.3900434 0.1940190 0.1614998 

$mu[[2]]
        V1         V2         V3 
0.50144746 0.20230433 0.08636997 

$mu[[3]]
       V1        V2        V3 
0.3013129 0.1416165 0.2095899 


$sigma
$sigma[[1]]
             V1           V2           V3
V1  0.007189064  0.001911181 -0.007295213
V2  0.001911181  0.004508377 -0.003137173
V3 -0.007295213 -0.003137173  0.013062093

$sigma[[2]]
              V1            V2            V3
V1  0.0040085797  0.0007105721 -0.0002700871
V2  0.0007105721  0.0129246484 -0.0004438427
V3 -0.0002700871 -0.0004438427  0.0028591600

$sigma[[3]]
              V1            V2            V3
V1  4.032582e-03 -0.0004584600 -5.956533e-05
V2 -4.584600e-04  0.0079418607  1.964273e-04
V3 -5.956533e-05  0.0001964273  2.221683e-03


$prior
[1] 0.2791428 0.3765563 0.3443008

[1] "Number of Iterations" "48"                  
   
     1  2  3
  1  1 99  0
  2  7  0 93
  3 62 23 15
[1] 254 300
Purity 0.8466667 
maxpurity 0.8466667

real	9m5.298s
user	63m1.559s
sys	8m59.628s


./run_multiple_times.py "./pkmeans.R test1.dat 3 0.8"
0 0.91
1 0.9266667
2 0.9333333
3 0.9366667
4 0.9466667
[1] "siter" "1"    
[[1]]
[1] 0.9624158 0.1525451 0.9950099

[[2]]
[1] 0.3127033 0.1087717 0.1108710

[[3]]
[1] 1.05986889 0.04413555 0.18175178

[1] 149 151   0
[1] "minsz" "0"     "15"   
[1] "siter" "2"    
[[1]]
[1] 0.9212377 0.2791066 0.3600055

[[2]]
[1] 0.1438596 0.1595798 0.4623492

[[3]]
[1] 0.8376177 0.2513591 0.7346600

[1]  42  92 166
[1] "minsz" "42"    "15"   
iters 1 2.46488651577171 1.46488651577171 76 
iters 2 1.70251126355448 0.762375252217233 37 
iters 3 1.6305751170333 0.0719361465211723 11 
iters 4 1.62376732929986 0.00680778773344315 3 
iters 5 1.6229088033402 0.000858525959662071 1 
iters 6 1.62272680804932 0.000181995290878811 1 
iters 7 1.62174718628092 0.000979621768400385 1 
iters 8 1.62135688156897 0.000390304711949785 1 
iters 9 1.62111585693818 0.000241024630785569 1 
iters 10 1.60877956632527 0.0123362906129136 7 
iters 11 1.55489742356492 0.0538821427603553 16 
iters 12 1.42710923868577 0.127788184879144 29 
iters 13 0.982683962325021 0.44442527636075 53 
iters 14 0.834292978475412 0.148390983849609 20 
iters 15 0.822627820896657 0.0116651575787555 1 
iters 16 0.822622741819621 5.07907703550803e-06 0 
[1] "cluster" "1"       ": size=" "90"     
[1] 0.1014852943 0.0068336463 0.0006850059
[1] "dimensionality" "1"             
       V1        V2        V3 
0.6037000 0.1904111 0.5705111 
              V1            V2           V3
V1  0.0007231433  0.0002113678 -0.001807858
V2  0.0002113678  0.0068473977 -0.001353021
V3 -0.0018078578 -0.0013530212  0.101433405
            [,1]       [,2]        [,3]
[1,] -0.01796716 0.03017155 -0.99938324
[2,] -0.01433317 0.99943410  0.03043077
[3,]  0.99973584 0.01487109 -0.01752454
[1] "cluster" "2"       ": size=" "106"    
[1] 6.830073e-02 7.255078e-04 5.829602e-05
[1] "dimensionality" "1"             
       V1        V2        V3 
0.4521604 0.1257453 0.6144717 
           V1          V2          V3
V1 0.03801385 0.011430371 0.031830556
V2 0.01143037 0.004221058 0.009850677
V3 0.03183056 0.009850677 0.026849627
           [,1]       [,2]       [,3]
[1,] -0.7449477 -0.3561098 -0.5641265
[2,] -0.2291935  0.9307565 -0.2848907
[3,] -0.6265167  0.0829346  0.7749830
[1] "cluster" "3"       ": size=" "104"    
[1] 0.0721739478 0.0004116650 0.0001927661
[1] "dimensionality" "1"             
       V1        V2        V3 
0.6066538 0.2087885 0.6256827 
              V1            V2           V3
V1  7.217190e-02 -7.485207e-05 3.766113e-04
V2 -7.485207e-05  3.958591e-04 5.639442e-05
V3  3.766113e-04  5.639442e-05 2.106205e-04
            [,1]          [,2]         [,3]
[1,]  0.99998577 -0.0004091856  0.005318874
[2,] -0.00103870  0.9630361460  0.269370196
[3,]  0.00523249  0.2693718880 -0.963022018
   
     1  2  3
  1 87  7  6
  2  2  0 98
  3  1 99  0
[1] 284 300
Purity 0.9466667 
maxpurity 0.9466667
zaki@MacPro:~/research/DataMiningBook/dm08/CLUST/subspace/figs$ 
./run_multiple_times.py "./em-new.R test1.dat 3"
0 0.6766667
1 0.6833333
2 0.69
3 0.6933333
4 0.6966667
5 0.72
[1] 300
[1] "siter" "1"    
[1] 248  24  28
[1] "minsz" "24"    "15"   
[[1]]
[1] 0.5661449 0.1502891 0.6523165

[[2]]
[1] 0.2550958 0.1791172 0.8844443

[[3]]
[1] 1.0382045 0.1196016 0.4604528

[1] "ITER"                "1"                   "0.00422332403244016"
[1] "ITER"                "2"                   "0.00273423342960374"
[1] "ITER"                "3"                   "0.00131630132243673"
[1] "ITER"                 "4"                    "0.000897531098634994"
[1] "ITER"                 "5"                    "0.000814309502627074"
[1] "ITER"                 "6"                    "0.000731756604279327"
[1] "ITER"                 "7"                    "0.000625353323634743"
[1] "ITER"                 "8"                    "0.000518188449854396"
[1] "ITER"                "9"                   "0.00042103300318374"
[1] "ITER"                 "10"                   "0.000334419486386434"
[1] "ITER"                 "11"                   "0.000259186912200405"
[1] "ITER"                 "12"                   "0.000197408710038808"
[1] "ITER"                 "13"                   "0.000149753963573278"
[1] "ITER"                 "14"                   "0.000114665979135551"
[1] "ITER"                 "15"                   "8.93014967327054e-05"
[1] "ITER"                 "16"                   "7.08454436824127e-05"
[1] "ITER"                 "17"                   "5.72034878093092e-05"
[1] "ITER"                 "18"                   "4.69773053591056e-05"
[1] "ITER"                 "19"                   "3.91706915457855e-05"
[1] "ITER"                 "20"                   "3.30040071586771e-05"
[1] "ITER"                 "21"                   "2.78933613972717e-05"
[1] "ITER"                 "22"                   "2.34722194912133e-05"
[1] "ITER"                 "23"                   "1.95649149776505e-05"
[1] "ITER"                 "24"                   "1.61157944849539e-05"
[1] "ITER"                 "25"                   "1.31173770369396e-05"
[1] "ITER"                 "26"                   "1.05647683963459e-05"
[1] "ITER"                 "27"                   "8.43746191002223e-06"
[1] "Cluster Parameters"
$mu
$mu[[1]]
       V1        V2        V3 
0.6044214 0.1883886 0.5678293 

$mu[[2]]
       V1        V2        V3 
0.4407704 0.1541948 0.6051224 

$mu[[3]]
       V1        V2        V3 
0.6795643 0.1909251 0.6503332 


$sigma
$sigma[[1]]
            V1           V2           V3
V1 0.020566506  0.001633870  0.001471521
V2 0.001633870  0.015193843 -0.001473092
V3 0.001471521 -0.001473092  0.089701740

$sigma[[2]]
           V1          V2          V3
V1 0.04918872 0.008014960 0.019083890
V2 0.00801496 0.015576077 0.007234545
V3 0.01908389 0.007234545 0.034861211

$sigma[[3]]
            V1           V2           V3
V1 0.061688240 0.0035767934 0.0024525000
V2 0.003576793 0.0125635250 0.0009425619
V3 0.002452500 0.0009425619 0.0268447969


$prior
[1] 0.3054643 0.4415139 0.2530218

[1] "Number of Iterations" "27"                  
   
      1   2   3
  1  71  29   0
  2   0  55  45
  3   0 100   0
[1] 216 300
Purity 0.72 
maxpurity 0.72


./run_multiple_times.py "./pkmeans.R test1.dat 3 0.8"
0 0.9233333
1 0.9333333
2 0.9366667
3 0.9466667
[1] "siter" "1"    
[[1]]
[1] 2.6120556 0.4016087 3.1889699

[[2]]
[1] 2.5462034 0.8004857 2.8440892

[[3]]
[1] 5.2911147 0.2473997 1.8822241

[1]  87 190  23
[1] "minsz" "23"    "15"   
iters 1 80.2781967298506 79.2781967298506 122 
iters 2 38.754923554651 41.5232731751996 28 
iters 3 36.3078276375956 2.44709591705539 9 
iters 4 34.1443156508157 2.16351198677988 10 
iters 5 31.770787225987 2.37352842482872 17 
iters 6 26.3633282016911 5.40745902429589 35 
iters 7 21.5077523275419 4.85557587414921 27 
iters 8 20.8633209773456 0.644431350196296 5 
iters 9 20.7601011496039 0.1032198277417 5 
iters 10 20.6223849463667 0.137716203237197 6 
iters 11 20.5449706803007 0.0774142660659791 1 
iters 12 20.5448431139156 0.00012756638510325 0 
iters 13 20.5448431139156 0 0 
[1] "cluster" "1"       ": size=" "90"     
[1] 2.53684570 0.17079398 0.01703147
[1] "dimensionality" "1"             
       V1        V2        V3 
3.0186222 0.9518556 2.8525000 
             V1           V2          V3
V1  0.017969413  0.005203779 -0.04489691
V2  0.005203779  0.171147279 -0.03398865
V3 -0.044896911 -0.033988650  2.53555445
            [,1]       [,2]        [,3]
[1,] -0.01784925 0.02964637 -0.99940107
[2,] -0.01440276 0.99944897  0.02990503
[3,]  0.99973695 0.01492792 -0.01741242
[1] "cluster" "2"       ": size=" "106"    
[1] 1.707108660 0.018059777 0.001460442
[1] "dimensionality" "1"             
       V1        V2        V3 
2.2606132 0.6287642 3.0721698 
          V1        V2        V3
V1 0.9502162 0.2860311 0.7954549
V2 0.2860311 0.1056268 0.2463757
V3 0.7954549 0.2463757 0.6707860
           [,1]        [,2]       [,3]
[1,] -0.7449922 -0.35551915 -0.5644402
[2,] -0.2294224  0.93108121 -0.2836427
[3,] -0.6263800  0.08181637  0.7752123
[1] "cluster" "3"       ": size=" "104"    
[1] 1.804360526 0.010251648 0.004858062
[1] "dimensionality" "1"             
      V1       V2       V3 
3.033212 1.043817 3.128442 
             V1           V2          V3
V1  1.804307378 -0.002140298 0.009542301
V2 -0.002140298  0.009865842 0.001382850
V3  0.009542301  0.001382850 0.005297016
             [,1]          [,2]         [,3]
[1,]  0.999985232 -0.0002779702  0.005427503
[2,] -0.001188598  0.9633265958  0.268329009
[3,]  0.005303046  0.2683314975 -0.963312039
   
     1  2  3
  1 87  7  6
  2  2  0 98
  3  1 99  0
[1] 284 300
Purity 0.9466667 
maxpurity 0.9466667
zaki@MacPro:~/research/DataMiningBook/dm08/CLUST/subspace/figs$ 
./run_multiple_times.py "./em-new.R test1.dat 3"
0 0.98
[1] 300
[1] "siter" "1"    
[1] 169  74  57
[1] "minsz" "57"    "15"   
[[1]]
[1] 3.4076194 0.6767894 2.9564033

[[2]]
[1] 2.606595 1.525091 2.273336

[[3]]
[1] 2.9111257 0.6498275 1.6297611

[1] "ITER"                "1"                   "0.00717642144406491"
[1] "ITER"                "2"                   "0.00326593987955619"
[1] "ITER"                "3"                   "0.00217921241164783"
[1] "ITER"                "4"                   "0.00144620065018845"
[1] "ITER"                 "5"                    "0.000729002942233367"
[1] "ITER"                 "6"                    "0.000439916829516394"
[1] "ITER"                "7"                   "0.00035477112825816"
[1] "ITER"                 "8"                    "0.000365403499324475"
[1] "ITER"                 "9"                    "0.000436974219958715"
[1] "ITER"                 "10"                   "0.000574410517223786"
[1] "ITER"                 "11"                   "0.000837865413028889"
[1] "ITER"                "12"                  "0.00142966221814829"
[1] "ITER"                "13"                  "0.00302395266952531"
[1] "ITER"                "14"                  "0.00808929385549552"
[1] "ITER"               "15"                 "0.0258607621824489"
[1] "ITER"               "16"                 "0.0771944705894502"
[1] "ITER"              "17"                "0.114246834344052"
[1] "ITER"               "18"                 "0.0248438025551967"
[1] "ITER"                "19"                  "0.00372762171702803"
[1] "ITER"                "20"                  "0.00306279482295839"
[1] "ITER"                "21"                  "0.00294900891421424"
[1] "ITER"               "22"                 "0.0031270943342233"
[1] "ITER"                "23"                  "0.00381606767343221"
[1] "ITER"                "24"                  "0.00513992674981138"
[1] "ITER"                "25"                  "0.00669128313518536"
[1] "ITER"                "26"                  "0.00834672336859905"
[1] "ITER"               "27"                 "0.0114411031696113"
[1] "ITER"              "28"                "0.012727659388811"
[1] "ITER"               "29"                 "0.0123795289790786"
[1] "ITER"               "30"                 "0.0130645834281941"
[1] "ITER"               "31"                 "0.0160512282840986"
[1] "ITER"              "32"                "0.024846788569357"
[1] "ITER"               "33"                 "0.0401543854073991"
[1] "ITER"               "34"                 "0.0462888131148807"
[1] "ITER"               "35"                 "0.0404310608049807"
[1] "ITER"               "36"                 "0.0359189256469769"
[1] "ITER"               "37"                 "0.0227668107280392"
[1] "ITER"                "38"                  "0.00910021339006986"
[1] "ITER"               "39"                 "0.0153769265668846"
[1] "ITER"               "40"                 "0.0499003336723881"
[1] "ITER"              "41"                "0.132723429860871"
[1] "ITER"               "42"                 "0.0309686878184838"
[1] "ITER"                "43"                  "0.00144119397834425"
[1] "ITER"                 "44"                   "2.45648703357746e-05"
[1] "ITER"                 "45"                   "6.76108074226178e-07"
[1] "Cluster Parameters"
$mu
$mu[[1]]
      V1       V2       V3 
3.037905 1.025043 3.125134 

$mu[[2]]
       V1        V2        V3 
2.2201715 0.6094859 3.0336000 

$mu[[3]]
      V1       V2       V3 
3.012859 0.975075 2.914244 


$sigma
$sigma[[1]]
              V1            V2           V3
V1  1.8525201878 -0.0005948135 0.0097935929
V2 -0.0005948135  0.0111457824 0.0001373426
V3  0.0097935929  0.0001373426 0.0153410376

$sigma[[2]]
          V1         V2        V3
V1 0.9787106 0.28158135 0.8064221
V2 0.2815814 0.09727284 0.2372364
V3 0.8064221 0.23723642 0.6839113

$sigma[[3]]
             V1           V2          V3
V1  0.029689003  0.008508485 -0.04053464
V2  0.008508485  0.197338830 -0.01510991
V3 -0.040534640 -0.015109909  2.39823060


$prior
[1] 0.3392996 0.3349457 0.3257547

[1] "Number of Iterations" "45"                  
   
      1   2   3
  1   3   3  94
  2 100   0   0
  3   0 100   0
[1] 294 300
Purity 0.98 
maxpurity 0.98

